公路 隧道 设计 规范 ”第 一 册 ”土建 工程 {(JTG 3370. 1 一 2018 )

续 上 表

截面 特性 参数
惯性 矩 惯性 半径 截面 模 数
(em') (em) (em

太 立 六 必 歼 。 多

型 号 截面 | 理论
类 别 | (高 x 7 面积 | 质量
宽 ) | “ ， 2 4 | (em) (keym)

338 351 13 13 13 |1133.27| 104.6 |27352 | 9376 | 14.33 | 8.39 | 1618 | 5S34

344 348 10 16 13 |144.01|1113.0 |32 S45 |11 242 | 13.03 | 8.84 | 1892 | 646

3 344 354 16 16 13 |164.65| 129.3 |34581 | 11 841 | 14. 49 | 8.48 | 2011 | 669

350 350 12 19 13 |1171.89| 134.9 |39 637 | 13 82 | 13.-19 |-8.89 | 2265 | 776

350 357 19 19 13 |1196.39| 1S4.2 |42 138 | 14 427 | 14..65 | 8.S7 | 2408 | 808

388 402 15 15 22 |1178.45| 140.1 |48 0 16255 | 16.41 | 9.54 | 2476 | 809

394 398 11 18 22 |186.81| 146.6 |55 3$97 | 18 9201.17.25 | 10.06 | 2822 | 951

394 405 18 18 22 |214. 39| 168. 3 | 59 165 | 19 951 |16. 61 | 9.65 | 3003 | 985
也 W 400 400 13 21 22 |218. 69| 171.7 166 453 22 410 | 17. 43 | 10. 12 | 3 323 | 1 120
0 400 408 21 21 22 |250. 69| 196.8 170722 123 804 | 16.8 | 9.74 | 3536 | 1167

400

一 112 一
